d1:
[[ 4.4108  4.4522  3.7197  7.0593  4.9938  4.9188  6.4184  5.5499  5.1698
   6.7492  6.4514  8.0639  5.2548  8.0021  5.0186  5.3656  5.2941  5.9998
   7.4439  4.0728 11.4458  5.3552  6.215   6.3188  6.7877]
 [ 3.6295  2.7713  4.5583  7.1131  5.5354  5.1363  6.2426  5.175   5.3625
   7.1167  6.2678  8.0049  6.1068  7.7741  4.4848  4.909   5.648   5.3121
   7.012   4.691   9.7541  5.3909  6.9493  6.2355  7.544 ]
 [ 2.9253  3.6088  4.5503  8.4596  6.1047  5.06    7.4003  6.1479  6.0694
   6.8335  6.2629  8.6042  5.6027  7.5963  5.2185  5.3397  5.3403  5.4559
   7.7587  4.8328 10.5724  6.933   6.482   6.1776  7.8412]
 [ 6.1555  5.4423  4.7298  5.0328  3.9539  5.495   5.481   5.5121  5.6138
   6.5737  7.751   8.0186  6.0519  8.173   6.435   6.1987  6.1082  6.9774
   7.9602  4.8122 11.1383  6.8339  6.221   6.07    7.5146]
 [ 7.6499  6.8513  6.0014  4.721   5.1156  7.7994  6.2692  6.4742  7.301
   7.1723  8.7418  7.7486  7.8412  7.3511  6.0315  7.5073  7.5862  8.1035
   8.0303  6.2016 10.8499  7.0047  7.0166  6.8187  9.2476]
 [ 8.5209  7.2252  7.4967  9.5224  7.5412  5.5429  7.7211  5.9006  6.3477
   4.8314  7.5409  7.6539  6.4871  8.8651  7.5336  8.1062  8.1196  8.2918
   6.7382  7.6168 12.1236  9.1622  5.1491  5.6084  7.0608]
 [ 6.3714  5.5303  6.0423  8.9663  6.5938  3.4819  6.4067  5.8445  4.4984
   6.8924  6.9458  7.872   5.5019  9.5983  7.2621  6.4618  5.7744  7.7907
   7.9686  5.8084 13.2717  7.1743  6.8918  7.0597  4.6193]
 [ 6.0589  5.4651  5.2297  8.4116  5.5897  4.6568  6.425   5.9287  5.2387
   5.9505  7.4644  8.838   6.5827  9.6055  7.2919  5.5333  5.4778  7.7027
   7.5292  4.7737 13.3105  7.0762  5.8002  6.5847  5.29  ]
 [ 6.8553  5.8832  6.1663  8.9128  6.2144  4.5871  6.1889  5.7583  5.4503
   6.5168  7.7699  8.4402  7.1544  9.1326  7.4639  7.0962  6.8787  8.5355
   7.6475  6.0045 13.498   8.392   6.3697  6.9665  5.7712]
 [ 7.4245  5.9319  7.5376  9.0468  7.0725  4.8849  6.838   6.5745  4.4638
   7.2752  7.5099  8.8586  6.5328 10.6533  8.6484  7.0779  6.301   8.4104
   8.166   6.6021 13.3181  6.6788  8.0891  8.4231  4.8562]
 [ 6.9868  7.1192  6.6663  8.6596  6.4204  6.3375  8.5904  7.5754  6.5398
   5.3684  5.5837  7.6506  5.3153  6.9408  5.8032  7.43    6.6221  6.759
   7.153   6.6655 11.3047  8.9374  4.9956  5.6388  7.5577]
 [ 5.8704  5.0718  5.2892  7.9586  5.975   5.744   6.9263  6.8643  5.825
   6.7286  6.3732  8.0187  5.0625  7.3412  5.3814  5.7042  4.6914  5.5719
   7.5042  4.6497 10.4841  6.8983  7.2612  6.8479  7.1522]
 [ 6.1411  5.3822  5.5507  7.0529  6.0328  6.063   6.9489  6.2921  6.3931
   6.7681  5.7089  7.624   5.7529  7.0327  5.0838  6.4543  6.1965  6.521
   7.3694  5.338  10.6606  5.9947  6.8019  6.3709  7.1378]
 [ 6.4799  5.7637  5.3816  7.5605  7.2005  6.5771  8.1399  6.3372  6.443
   6.5481  5.7878  7.3933  6.7469  7.1748  4.0254  6.6039  7.1127  5.6502
   6.3257  6.4481  9.1678  6.6895  5.9641  5.3187  9.0935]
 [ 6.8276  6.3207  6.0683  8.4025  6.6223  5.2219  8.0616  6.0598  6.4406
   5.0223  5.469   7.8658  5.99    7.7752  4.8751  6.994   6.7931  7.0441
   6.2548  5.8284 11.8668  7.8803  4.4919  5.1295  6.5707]
 [ 6.2433  4.2064  5.2228  7.045   5.1855  4.5273  6.3271  4.2736  4.2581
   4.8075  5.5949  6.8931  5.8162  7.7935  4.1744  5.3534  5.0981  5.3226
   5.7032  4.9095  9.7811  6.3634  5.1738  4.523   6.8839]
 [ 6.0594  5.4958  6.5244  9.5011  8.3916  6.8849  9.3499  7.175   7.0288
   8.3774  6.5093  8.9092  6.4027  8.8816  6.1512  4.9298  6.0846  4.1639
   7.0788  5.4367  8.2283  7.3907  8.2741  7.0646  9.384 ]
 [ 6.7122  5.8345  6.479   8.4366  6.3668  6.3516  8.1152  6.5436  6.5033
   7.7128  7.0675  8.4705  4.568   9.4581  7.4945  4.8     4.8986  6.3724
   7.3598  4.8496  9.7635  7.9553  7.1495  6.3915  9.1854]
 [ 5.9122  5.8608  5.3548  7.7989  6.2064  4.9914  7.2718  6.8472  5.4203
   7.389   7.385   9.5385  6.5027  9.4242  7.1113  6.0918  6.0432  7.1668
   8.318   4.6583 12.6138  6.4225  7.7206  7.537   5.8966]
 [ 6.5657  5.6956  6.2086  7.9932  6.8069  7.1378  7.0425  5.7134  6.1778
   7.4699  7.1721  6.6062  6.9931  7.6355  5.9558  5.6288  5.6132  5.5871
   7.4044  5.5061  7.1301  6.0247  8.1177  7.1201  9.0955]
 [ 8.4809  7.5752  8.0629  8.8954  8.0576  7.3757  7.6038  9.856   7.3637
   9.5726  7.6981 10.4713  8.6047 11.4459 10.4004  8.1829  6.5522  9.5702
  11.1803  6.696  14.1302  6.8492 10.9149 11.1464  5.1579]
 [ 8.3305  7.9567  6.6415  8.5573  5.9808  6.136   9.0079  7.3309  6.9143
   4.3127  7.2306  8.7019  6.9419  8.7685  6.6345  8.7644  8.2951  8.9344
   6.4451  7.4053 14.1854  9.6292  2.5854  4.7157  7.5193]
 [ 8.0151  6.9822  6.748   8.5738  5.6553  5.1075  8.0527  6.7591  5.9108
   4.5999  6.7003  8.7098  6.9814  9.516   6.8182  8.359   7.2031  8.7484
   6.1509  6.9887 14.6858  8.479   4.0579  5.8083  5.6814]
 [ 7.1315  7.1807  5.5892  7.3715  5.534   5.7307  8.4216  6.5485  6.6046
   4.4189  6.6843  8.4507  6.1837  8.7991  6.1294  7.5845  7.6287  8.4318
   6.2656  6.3264 13.9817  8.3027  2.325   3.9964  7.0934]
 [ 6.9731  5.8211  5.9755  8.3408  5.0548  3.5466  6.718   5.6789  4.0935
   4.4231  6.1277  8.0007  6.1323  9.2822  6.5819  7.1656  6.1673  7.551
   6.0283  5.9887 13.8518  7.5692  4.7506  6.0536  3.9776]]
d2:
[[0.6126 0.5376 0.3387 1.7723 0.7631 0.9013 2.1415 1.2548 0.8573 1.2311
  1.1854 2.3857 0.7915 2.3366 0.7695 0.8245 0.7634 1.0435 1.6215 0.474
  3.6095 1.1697 1.0882 1.0065 1.523 ]
 [0.3661 0.2315 0.5633 1.6378 0.8255 0.8043 1.767  0.9048 0.819  1.2962
  1.2657 2.0861 0.9958 2.0557 0.6604 0.7426 0.89   0.9183 1.5184 0.6436
  3.0187 1.1249 1.0862 0.9003 1.6573]
 [0.2473 0.3925 0.686  2.2796 1.0983 0.8603 2.2509 1.1837 1.0522 1.3222
  1.2996 2.5073 0.9949 2.1165 0.7971 0.8182 0.7788 0.8097 1.5119 0.6642
  3.3109 1.7014 1.0635 0.9529 1.7445]
 [1.1018 0.8504 0.6948 0.7291 0.401  1.05   1.028  0.8729 0.9081 1.0791
  1.7303 2.0434 1.0006 2.3229 1.1473 0.9849 0.9712 1.4788 1.7249 0.6959
  3.5328 1.7027 1.0457 0.9892 1.9748]
 [1.7762 1.4163 1.1433 0.6585 0.7039 1.8217 1.2978 1.2784 1.545  1.2511
  1.9097 1.8008 1.5024 1.9059 0.9589 1.9091 1.9302 1.7848 1.7247 1.5567
  3.1022 1.7984 1.2074 1.0776 2.9502]
 [2.0631 1.6503 1.5726 2.9848 1.5611 1.093  2.8448 1.4009 1.1656 0.6237
  1.7191 2.2831 1.2278 2.6492 1.6341 2.0663 1.8484 1.7698 1.4152 1.9301
  3.7019 3.0184 0.741  0.9073 1.7693]
 [1.2988 0.989  1.2452 2.6769 1.2263 0.302  1.9857 1.2985 0.5212 1.2985
  1.5127 2.5472 0.9083 3.1189 1.9797 1.3464 1.0962 2.1246 1.9283 1.1921
  5.1363 2.2875 1.3567 1.5518 0.5124]
 [1.1082 0.998  0.8607 2.524  1.0008 0.6909 2.1289 1.5639 0.8215 1.1728
  1.6928 3.0706 1.1946 3.3081 1.9084 0.8624 0.8036 1.6773 1.6175 0.724
  4.9808 2.1426 1.3076 1.5156 0.9711]
 [1.7769 1.209  1.4631 2.9413 1.4818 1.0397 2.6881 1.6315 1.112  1.3362
  1.9871 3.0512 1.5651 3.3402 2.064  1.7843 1.4526 2.0633 1.9225 1.5141
  5.0259 2.8545 1.2875 1.4781 1.579 ]
 [1.7808 1.1416 1.9781 2.9622 1.4476 0.9025 2.0903 1.8693 0.8784 1.8559
  1.9068 3.3071 1.7409 3.8916 2.7825 1.6169 1.41   2.6764 2.4876 1.6312
  6.0383 2.0034 2.2015 2.4498 0.6914]
 [1.4468 1.4118 1.2067 2.3733 1.0206 1.1645 2.5661 1.7265 1.2005 0.7147
  0.8244 2.0743 0.7563 1.7246 1.0106 1.666  1.312  1.2246 1.1955 1.3874
  3.1154 2.4843 0.6481 0.8115 1.9117]
 [1.0285 0.9159 0.684  2.1504 0.9827 1.1956 2.0545 1.6656 1.2    1.304
  1.1767 2.6885 0.7412 2.0796 1.0329 1.0431 0.6266 1.0011 1.8265 0.6151
  3.453  1.8338 1.468  1.3856 1.7441]
 [1.1101 1.0732 0.9536 2.5252 1.4619 1.1651 2.7044 1.8745 1.39   1.4784
  0.8582 2.282  1.1053 2.4666 0.8875 1.5682 1.3921 1.1761 1.5106 1.1636
  3.5906 1.2119 1.3671 1.3032 1.5461]
 [1.1769 1.0593 0.8018 2.0139 1.2757 1.474  2.4961 1.2798 1.4104 1.1728
  1.2116 1.9085 1.257  1.8353 0.4439 1.5913 1.7314 0.809  1.1039 1.4714
  2.1644 1.4621 0.8909 0.7074 2.5729]
 [1.2873 1.1835 1.0285 2.6121 1.3732 0.9214 2.9293 1.6054 1.2734 0.8576
  0.741  2.3214 0.9416 2.303  0.7301 1.5941 1.4095 1.1561 0.975  1.2672
  3.4728 1.9908 0.665  0.7531 1.5096]
 [0.997  0.5429 0.7607 1.3798 0.6578 0.6602 1.5525 0.5593 0.5246 0.586
  0.8618 1.3833 0.842  1.8282 0.4888 1.0939 1.09   0.8401 0.8886 1.032
  2.3408 1.2012 0.5052 0.4531 1.4761]
 [1.0179 0.9608 1.1561 3.1533 1.8328 1.5171 3.1094 1.7118 1.5437 1.8222
  1.2703 3.0092 1.1325 3.0113 1.3157 0.7875 0.9336 0.5006 1.3391 0.8161
  2.7473 2.3836 1.5351 1.3291 2.5023]
 [1.1492 0.8345 1.0269 2.1638 0.979  1.0688 2.1119 1.3082 1.0171 1.3524
  1.2759 2.5445 0.5389 2.7689 1.629  0.6253 0.568  1.0817 1.4725 0.6011
  3.2218 2.352  1.2131 1.0982 2.0138]
 [0.9538 0.9443 0.9192 2.2898 1.2137 0.7013 2.3625 1.6363 0.7578 1.5381
  1.9782 3.3799 1.3953 3.2726 1.8199 1.1921 1.0083 2.0143 2.2279 0.7766
  5.2253 1.709  1.7146 1.779  1.0122]
 [1.4899 1.0947 1.1053 1.5586 1.2406 1.5908 1.6483 0.8575 1.1695 1.4206
  1.7883 1.1284 1.5073 1.9213 0.9238 1.3856 1.6305 0.9916 1.4515 1.4005
  1.5601 1.1937 1.4558 1.1414 2.7088]
 [2.5244 2.0805 2.2719 3.406  2.1678 1.9127 2.9252 3.5754 1.9047 2.8834
  2.4046 4.6774 2.3269 5.0466 3.637  2.224  1.5551 3.5069 3.8714 1.6242
  7.424  2.5833 3.6479 3.8151 1.494 ]
 [1.6855 1.5184 1.2271 2.373  0.9735 1.0184 2.7497 1.3472 1.1677 0.4002
  1.1505 2.2852 1.1034 2.1155 1.0032 1.8965 1.7619 1.6341 0.8213 1.7246
  3.8208 2.5621 0.1332 0.4184 1.6863]
 [1.5466 1.1583 1.2306 2.3325 0.9082 0.6423 2.3772 1.1386 0.7894 0.4858
  1.0432 2.2756 1.102  2.4911 1.1383 1.6683 1.501  1.7375 0.8336 1.5119
  4.3722 2.1167 0.3324 0.6741 0.9523]
 [1.1774 1.09   0.8026 1.8715 0.663  0.8261 2.4447 1.1452 0.9756 0.4096
  1.0269 2.2311 0.8326 2.0832 0.826  1.3624 1.3352 1.4154 0.7961 1.1546
  3.7857 1.9943 0.1113 0.2999 1.5934]
 [1.3185 0.8457 1.0109 2.1407 0.7668 0.2917 1.9392 0.9373 0.3827 0.5096
  0.9478 2.0505 0.8577 2.578  1.2462 1.2852 1.0531 1.5955 0.9273 1.1159
  4.3078 1.8603 0.515  0.8072 0.52  ]]
chi:
[[ 2.0342  1.6838  1.4877  4.0476  2.4467  2.3139  3.8094  2.8794  2.1934
   3.4961  3.6053  4.5573  2.5164  5.0656  2.2313  2.6542  2.8519  3.1672
   4.529   1.6751  8.8349  2.485   3.0275  2.9     3.7047]
 [ 1.5201  0.7881  1.9914  4.3504  2.9991  2.3659  3.4613  2.3707  2.4407
   3.9215  3.8063  4.4353  3.1459  4.7995  2.0417  2.5168  3.1687  2.7558
   4.4945  2.1171  7.0826  2.7273  3.525   2.9695  4.4615]
 [ 1.0976  1.3458  2.1847  5.5509  3.6901  2.4812  4.4793  3.1142  3.0967
   4.005   3.7961  5.2298  3.0792  4.8626  2.4913  3.0212  2.935   2.861
   4.9084  2.2977  7.8125  3.8284  3.4542  3.1283  4.8232]
 [ 3.3797  2.8658  2.1187  2.2223  1.336   2.7849  2.5919  2.4157  2.8134
   3.0973  4.7385  4.4009  3.1215  5.2955  3.2291  3.4805  3.4812  4.1412
   4.9426  2.3125  8.6033  3.6725  2.8188  2.7062  4.5303]
 [ 4.7031  3.7665  3.2545  2.1217  2.204   4.4771  3.5065  3.5381  3.8787
   3.8301  5.5884  4.4947  4.5154  4.4311  3.299   4.8655  5.1579  5.1145
   4.9141  3.6799  8.4705  4.0688  3.6189  3.3987  6.074 ]
 [ 5.5965  4.1272  4.091   6.5103  4.4675  2.6051  5.1233  2.9366  3.0313
   2.0948  4.439   4.5887  3.3766  6.0416  4.1568  5.2804  4.9814  4.7974
   3.7556  4.3028  9.2291  6.1077  2.2626  2.6928  3.8261]
 [ 3.4452  2.7961  3.0623  5.9745  3.403   1.1574  3.7231  3.0247  2.0122
   3.7226  3.9529  4.7886  2.3528  6.5845  4.3856  3.7589  3.1546  5.0099
   5.0792  3.0186 10.8419  4.4019  3.4642  3.7991  2.2359]
 [ 3.3597  3.0794  2.2967  5.3576  2.7355  2.0442  4.0916  3.4063  2.4263
   2.7741  4.5279  5.5884  3.1386  6.6796  4.1011  2.914   2.645   4.3238
   4.311   2.0333 10.7107  4.2854  2.9214  3.468   2.7208]
 [ 4.4976  3.041   3.5343  5.849   3.7751  2.4201  3.9364  3.3311  2.7006
   3.6787  4.7771  5.5912  4.2733  6.5365  4.6261  4.7042  4.1856  5.468
   4.9467  3.5456 11.2255  5.3629  3.4729  3.9628  3.0142]
 [ 4.299   2.8633  4.0983  5.9661  3.4906  2.2138  3.9272  3.7535  2.2328
   4.1224  4.4294  5.7857  3.3491  7.4993  5.4619  4.0175  3.378   5.2177
   5.3089  3.4054 10.8507  3.7362  4.65    5.092   2.2198]
 [ 3.9848  3.8865  3.5126  5.9088  3.3167  2.9494  5.4657  4.2407  3.2949
   2.3439  2.7742  4.6131  2.59    4.2903  3.0721  4.6459  3.7855  3.8201
   3.9687  3.5644  8.5733  5.5765  2.1959  2.7709  4.3135]
 [ 2.8092  2.212   2.4228  5.1396  3.1572  2.539   3.8435  3.4082  2.6197
   3.5903  3.2789  4.7364  2.2334  4.3736  2.6529  2.9645  2.2093  2.688
   4.7706  1.9287  7.5556  3.5641  3.8516  3.6215  3.9411]
 [ 3.1464  2.5313  2.8377  4.6974  3.71    2.7448  4.0251  3.3957  2.993
   3.6276  2.904   4.1429  2.921   4.3378  2.4687  3.6583  3.7533  3.3576
   4.2141  2.6697  8.1254  2.7817  3.6045  3.4005  3.7572]
 [ 3.5422  2.8701  2.4948  4.5972  4.0647  3.4696  4.993   3.1446  3.2475
   3.3168  3.2925  4.2587  3.5721  4.4645  1.5823  3.9761  4.6668  2.737
   3.3505  3.5564  6.3446  3.5341  2.7883  2.2533  5.9384]
 [ 4.0256  3.158   3.0888  5.5246  3.8632  2.2657  5.2056  3.3831  3.1568
   2.2502  2.4625  4.7216  3.0059  5.0639  2.2361  4.1249  3.9759  3.7663
   3.214   3.018   9.1719  4.6332  1.9319  2.3091  3.4506]
 [ 3.3434  1.7615  2.3283  4.069   2.4432  1.6694  3.3177  1.5189  1.4732
   1.8803  2.6217  3.2816  2.6677  4.5657  1.6234  2.9217  2.8375  2.2324
   2.9182  2.2152  6.4464  3.0301  1.8685  1.7356  3.6654]
 [ 3.1505  2.7392  3.5549  6.6355  5.3307  3.7886  6.1801  3.9206  3.7411
   4.9642  3.4687  5.6804  3.3026  6.4307  3.3267  2.2809  3.3353  1.6404
   4.084   2.4069  5.5686  4.4646  4.5136  3.6171  6.5084]
 [ 3.8564  3.0691  3.7979  5.5124  3.8536  3.2281  4.8595  3.2952  3.3645
   4.4324  4.0926  5.1449  1.9744  6.4767  4.494   2.4555  2.7799  3.4611
   4.4452  2.4347  6.9101  4.7994  3.9316  3.3778  5.9583]
 [ 3.1979  3.1485  2.673   5.3568  3.3962  2.2743  4.6174  3.9658  2.6665
   4.1004  4.7644  6.4747  3.4747  6.898   4.2484  3.6616  3.3531  4.5356
   5.5949  2.1337 10.6633  3.5986  4.2739  4.3843  2.9901]
 [ 3.9575  2.8562  3.4893  5.0178  4.1722  3.818   3.8571  2.5738  2.8445
   4.1768  4.5298  3.3811  4.2523  4.809   2.9569  3.0699  3.2366  2.3919
   4.4775  2.7893  4.3198  3.0202  4.7531  4.0189  5.7828]
 [ 5.6037  4.4652  5.0221  6.6368  4.9195  4.1136  5.0996  6.8054  4.1355
   6.1337  4.9386  7.5756  5.1868  9.0121  7.3603  5.2842  3.6258  6.5898
   7.9748  3.7528 12.584   4.5233  7.6098  7.9773  2.6104]
 [ 5.1859  4.5464  3.5114  5.5493  2.8879  2.6323  5.7949  3.7011  3.3716
   1.4492  3.5719  5.3654  3.5743  5.8019  3.3012  5.5167  5.1027  5.4539
   2.9631  4.2163 11.4256  6.0664  0.5231  1.6464  3.7889]
 [ 5.0054  3.7728  3.6446  5.5057  2.7715  1.9537  4.9581  3.3387  2.5129
   1.7632  3.4221  5.2386  3.6597  6.556   3.6404  5.136   4.5785  5.6069
   2.9471  3.8127 12.2358  5.0671  1.2369  2.4798  2.0973]
 [ 4.0439  3.8059  2.5386  4.4128  2.3182  2.3566  5.2597  3.3704  3.2027
   1.5784  3.3208  5.1872  2.9374  5.7429  2.947   4.4428  4.4605  5.0817
   2.9418  3.1719 11.359   4.8079  0.5282  1.3353  3.7555]
 [ 4.228   2.7768  2.9452  5.0119  2.3955  1.0723  3.8853  2.4878  1.3584
   1.6608  2.9467  4.3905  2.9315  6.2045  3.388   4.1172  3.4469  4.5915
   2.9444  2.8695 11.0803  4.1469  1.5937  2.5225  1.2723]]
